7 0.133090 0.647760 0.019531 0.022461
5 0.625903 0.468191 0.023438 0.041016
1 0.615072 0.873126 0.062500 0.034180
3 0.030336 0.399327 0.033203 0.027344
2 0.959076 0.372278 0.034180 0.044922
8 0.977360 0.329303 0.043945 0.040039
2 0.102691 0.839059 0.016602 0.024414
8 0.657001 0.459127 0.020508 0.033203
1 0.263026 0.780748 0.061523 0.020508
2 0.391973 0.574505 0.056641 0.030273
1 0.608557 0.523668 0.034180 0.062500
5 0.885003 0.505270 0.025391 0.046875
3 0.099721 0.566009 0.055664 0.048828
7 0.104253 0.898286 0.027344 0.041992
