4 0.114208 0.077095 0.018555 0.036133
2 0.100429 0.421053 0.025391 0.048828
4 0.243957 0.666409 0.048828 0.023438
8 0.470375 0.536914 0.018555 0.047852
0 0.223883 0.299300 0.044922 0.018555
0 0.592812 0.377502 0.023438 0.037109
5 0.615889 0.376074 0.019531 0.050781
5 0.794320 0.387732 0.023438 0.049805
0 0.699157 0.313505 0.042969 0.017578
4 0.937443 0.108022 0.023438 0.062500
2 0.418968 0.069719 0.020508 0.043945
0 0.965754 0.160838 0.015625 0.039062
4 0.755541 0.479088 0.030273 0.065430
5 0.965278 0.105643 0.020508 0.047852
